{
  "accessors": [
    {
      "bufferView": 2,
      "componentType": 5126,
      "count": 1108,
      "max": [
        8209.4921875,
        -1863.791748046875,
        -5756.99072265625
      ],
      "min": [
        8200.1494140625,
        -1870.6260986328125,
        -5759.31640625
      ],
      "type": "VEC3"
    },
    {
      "bufferView": 2,
      "byteOffset": 13296,
      "componentType": 5126,
      "count": 1108,
      "max": [
        0.92166751623153687,
        0.99292618036270142,
        0.99487489461898804
      ],
      "min": [
        -0.96920108795166016,
        -0.76533544063568115,
        -0.99921053647994995
      ],
      "type": "VEC3"
    },
    {
      "bufferView": 3,
      "componentType": 5126,
      "count": 1108,
      "max": [
        0.99892431497573853,
        0.99851399660110474,
        0.99463742971420288,
        1
      ],
      "min": [
        -0.99996072053909302,
        -0.99352145195007324,
        -0.97198677062988281,
        -1
      ],
      "type": "VEC4"
    },
    {
      "bufferView": 0,
      "componentType": 5125,
      "count": 4554,
      "max": [
        1107
      ],
      "min": [
        0
      ],
      "type": "SCALAR"
    },
    {
      "bufferView": 2,
      "byteOffset": 26592,
      "componentType": 5126,
      "count": 65532,
      "max": [
        8208.5888671875,
        -1861.460205078125,
        -5743.939453125
      ],
      "min": [
        8177.91650390625,
        -1880.669921875,
        -5761.0595703125
      ],
      "type": "VEC3"
    },
    {
      "bufferView": 2,
      "byteOffset": 812976,
      "componentType": 5126,
      "count": 65532,
      "max": [
        0.99996668100357056,
        0.51404380798339844,
        0.99999541044235229
      ],
      "min": [
        -0.83398818969726562,
        -0.99998420476913452,
        -0.9120216965675354
      ],
      "type": "VEC3"
    },
    {
      "bufferView": 3,
      "byteOffset": 17728,
      "componentType": 5126,
      "count": 65532,
      "max": [
        0.9994654655456543,
        0.99897974729537964,
        0.9999992847442627,
        1
      ],
      "min": [
        -0.93003058433532715,
        -0.92490369081497192,
        -0.99981606006622314,
        -1
      ],
      "type": "VEC4"
    },
    {
      "bufferView": 1,
      "componentType": 5126,
      "count": 65532,
      "max": [
        0.97071248292922974,
        0.99944108724594116
      ],
      "min": [
        0.0023204907774925232,
        0.19707810878753662
      ],
      "type": "VEC2"
    },
    {
      "bufferView": 0,
      "byteOffset": 18216,
      "componentType": 5125,
      "count": 350706,
      "max": [
        65531
      ],
      "min": [
        0
      ],
      "type": "SCALAR"
    },
    {
      "bufferView": 2,
      "byteOffset": 1599360,
      "componentType": 5126,
      "count": 65532,
      "max": [
        8209.7861328125,
        -1861.455078125,
        -5743.939453125
      ],
      "min": [
        8177.91552734375,
        -1881.760498046875,
        -5761.0361328125
      ],
      "type": "VEC3"
    },
    {
      "bufferView": 2,
      "byteOffset": 2385744,
      "componentType": 5126,
      "count": 65532,
      "max": [
        0.9994887113571167,
        0.98962372541427612,
        0.99999856948852539
      ],
      "min": [
        -0.99516040086746216,
        -0.99997079372406006,
        -0.98355281352996826
      ],
      "type": "VEC3"
    },
    {
      "bufferView": 3,
      "byteOffset": 1066240,
      "componentType": 5126,
      "count": 65532,
      "max": [
        0.99771320819854736,
        0.99999892711639404,
        0.99999880790710449,
        1
      ],
      "min": [
        -0.99955719709396362,
        -0.99885118007659912,
        -0.99999618530273438,
        -1
      ],
      "type": "VEC4"
    },
    {
      "bufferView": 1,
      "byteOffset": 524256,
      "componentType": 5126,
      "count": 65532,
      "max": [
        0.99147307872772217,
        0.99901986122131348
      ],
      "min": [
        0.0010670050978660583,
        0.22371447086334229
      ],
      "type": "VEC2"
    },
    {
      "bufferView": 0,
      "byteOffset": 1421040,
      "componentType": 5125,
      "count": 306744,
      "max": [
        65531
      ],
      "min": [
        0
      ],
      "type": "SCALAR"
    },
    {
      "bufferView": 2,
      "byteOffset": 3172128,
      "componentType": 5126,
      "count": 19865,
      "max": [
        8209.2548828125,
        -1867.538330078125,
        -5752.44091796875
      ],
      "min": [
        8192.3994140625,
        -1876.0672607421875,
        -5760.8359375
      ],
      "type": "VEC3"
    },
    {
      "bufferView": 2,
      "byteOffset": 3410508,
      "componentType": 5126,
      "count": 19865,
      "max": [
        0.99985051155090332,
        0.8992353081703186,
        0.99999749660491943
      ],
      "min": [
        -0.99507391452789307,
        -0.99987965822219849,
        -0.99352288246154785
      ],
      "type": "VEC3"
    },
    {
      "bufferView": 3,
      "byteOffset": 2114752,
      "componentType": 5126,
      "count": 19865,
      "max": [
        0.9410967230796814,
        0.99996644258499146,
        0.99999743700027466,
        1
      ],
      "min": [
        -0.9994356632232666,
        -0.99229586124420166,
        -0.81726229190826416,
        -1
      ],
      "type": "VEC4"
    },
    {
      "bufferView": 1,
      "byteOffset": 1048512,
      "componentType": 5126,
      "count": 19865,
      "max": [
        0.99555724859237671,
        0.99900525808334351
      ],
      "min": [
        0.0010313168168067932,
        0.65116345882415771
      ],
      "type": "VEC2"
    },
    {
      "bufferView": 0,
      "byteOffset": 2648016,
      "componentType": 5125,
      "count": 83880,
      "max": [
        19864
      ],
      "min": [
        0
      ],
      "type": "SCALAR"
    }
  ],
  "asset": {
    "extras": {
      "author": "Guillermo (https://sketchfab.com/guillermosainz)",
      "license": "CC-BY-4.0 (http://creativecommons.org/licenses/by/4.0/)",
      "source": "https://sketchfab.com/models/4d7128e56ae3499db5832c02eed0da1c",
      "title": "Climate Change mural"
    },
    "generator": "Sketchfab-3.18.7",
    "version": "2.0"
  },
  "bufferViews": [
    {
      "buffer": 0,
      "byteLength": 2983536,
      "byteOffset": 0,
      "name": "floatBufferViews",
      "target": 34963
    },
    {
      "buffer": 0,
      "byteLength": 1207432,
      "byteOffset": 2983536,
      "byteStride": 8,
      "name": "floatBufferViews",
      "target": 34962
    },
    {
      "buffer": 0,
      "byteLength": 3648888,
      "byteOffset": 4190968,
      "byteStride": 12,
      "name": "floatBufferViews",
      "target": 34962
    },
    {
      "buffer": 0,
      "byteLength": 2432592,
      "byteOffset": 7839856,
      "byteStride": 16,
      "name": "floatBufferViews",
      "target": 34962
    }
  ],
  "buffers": [
    {
      "byteLength": 10272448,
      "uri": "scene.bin"
    }
  ],
  "images": [
    {
      "uri": "textures/Material_0_baseColor.jpeg"
    }
  ],
  "materials": [
    {
      "doubleSided": true,
      "emissiveFactor": [
        0,
        0,
        0
      ],
      "name": "Material_1",
      "pbrMetallicRoughness": {
        "baseColorFactor": [
          0.5,
          0.5,
          0.5,
          1
        ],
        "metallicFactor": 0,
        "roughnessFactor": 0.59999999999999998
      }
    },
    {
      "doubleSided": true,
      "emissiveFactor": [
        0,
        0,
        0
      ],
      "name": "Material_0",
      "pbrMetallicRoughness": {
        "baseColorFactor": [
          1,
          1,
          1,
          1
        ],
        "baseColorTexture": {
          "index": 0,
          "texCoord": 0
        },
        "metallicFactor": 0,
        "roughnessFactor": 0.59999999999999998
      }
    }
  ],
  "meshes": [
    {
      "name": "mainMeshNode_Material_1_0",
      "primitives": [
        {
          "attributes": {
            "NORMAL": 1,
            "POSITION": 0,
            "TANGENT": 2
          },
          "indices": 3,
          "material": 0,
          "mode": 4
        }
      ]
    },
    {
      "name": "mainMeshNode_Material_0_0",
      "primitives": [
        {
          "attributes": {
            "NORMAL": 5,
            "POSITION": 4,
            "TANGENT": 6,
            "TEXCOORD_0": 7
          },
          "indices": 8,
          "material": 1,
          "mode": 4
        }
      ]
    },
    {
      "name": "mainMeshNode_Material_0_0",
      "primitives": [
        {
          "attributes": {
            "NORMAL": 10,
            "POSITION": 9,
            "TANGENT": 11,
            "TEXCOORD_0": 12
          },
          "indices": 13,
          "material": 1,
          "mode": 4
        }
      ]
    },
    {
      "name": "mainMeshNode_Material_0_0",
      "primitives": [
        {
          "attributes": {
            "NORMAL": 15,
            "POSITION": 14,
            "TANGENT": 16,
            "TEXCOORD_0": 17
          },
          "indices": 18,
          "material": 1,
          "mode": 4
        }
      ]
    }
  ],
  "nodes": [
    {
      "children": [
        1
      ],
      "name": "RootNode (gltf orientation matrix)",
      "rotation": [
        -0.70710678118654746,
        -0,
        -0,
        0.70710678118654757
      ]
    },
    {
      "children": [
        2
      ],
      "matrix": [
        1,
        0,
        0,
        0,
        0,
        0,
        -1,
        0,
        0,
        1,
        0,
        0,
        0,
        7624.107421875,
        3880.892578125,
        1
      ],
      "name": "RootNode (model correction matrix)"
    },
    {
      "children": [
        3
      ],
      "matrix": [
        1,
        0,
        0,
        0,
        0,
        0,
        1,
        0,
        0,
        -1,
        0,
        0,
        0,
        0,
        0,
        1
      ],
      "name": "69605a296145496a90e1dfb7fb64c642.fbx"
    },
    {
      "children": [
        4,
        6,
        8,
        10,
        12,
        14,
        16,
        18,
        20,
        22,
        24,
        26,
        28,
        30
      ],
      "name": "RootNode"
    },
    {
      "children": [
        5
      ],
      "matrix": [
        -0.52559623952967605,
        0.85036752526300408,
        0.024973285133080687,
        0,
        -0.85058779292829212,
        -0.52473486480700116,
        -0.033966574413025197,
        0,
        -0.015779718427172126,
        -0.039094675264706974,
        0.99911090818402448,
        0,
        8192.80078125,
        -1896.1651611328125,
        -5752.1474609375,
        1
      ],
      "name": "DSC_0583_JPG"
    },
    {
      "name": ""
    },
    {
      "children": [
        7
      ],
      "matrix": [
        -0.48445527259123122,
        0.87477883718260396,
        0.0080669000245912163,
        0,
        -0.87481577958612755,
        -0.48442753861023657,
        -0.0052260523479463524,
        0,
        -0.00066381147286434733,
        -0.0095888400486565124,
        0.99995380568346748,
        0,
        8194.169921875,
        -1895.62158203125,
        -5752.16064453125,
        1
      ],
      "name": "DSC_0584_JPG"
    },
    {
      "name": ""
    },
    {
      "children": [
        9
      ],
      "matrix": [
        -0.43288926600727029,
        0.90130703877050389,
        0.015890413412876177,
        0,
        -0.90133690714800119,
        -0.43249347159379892,
        -0.02326320789614654,
        0,
        -0.014094792959182959,
        -0.024393009070002337,
        0.99960308018730537,
        0,
        8195.8837890625,
        -1894.846435546875,
        -5752.13720703125,
        1
      ],
      "name": "DSC_0585_JPG"
    },
    {
      "name": ""
    },
    {
      "children": [
        11
      ],
      "matrix": [
        -0.46068933852484095,
        0.8867389830137079,
        0.038200908017471336,
        0,
        -0.8875540078621148,
        -0.46008228085248026,
        -0.023920241919268351,
        0,
        -0.0036354501016198602,
        -0.044925169442020588,
        0.99898373993432166,
        0,
        8197.92578125,
        -1893.823486328125,
        -5752.099609375,
        1
      ],
      "name": "DSC_0586_JPG"
    },
    {
      "name": ""
    },
    {
      "children": [
        13
      ],
      "matrix": [
        -0.49075763645576975,
        0.87025803090453646,
        0.042519429752823773,
        0,
        -0.87121059004017476,
        -0.49080859529648313,
        -0.0099514112036203049,
        0,
        0.012208606071006978,
        -0.041927108524817527,
        0.99904607877142038,
        0,
        8200.1904296875,
        -1891.5927734375,
        -5752.2265625,
        1
      ],
      "name": "DSC_0587_JPG"
    },
    {
      "name": ""
    },
    {
      "children": [
        15
      ],
      "matrix": [
        -0.48441245780058595,
        0.87399844748487798,
        0.038357326830978818,
        0,
        -0.87429542162784168,
        -0.48519194051519898,
        0.014010588127920123,
        0,
        0.030855898110250576,
        -0.026748731803930045,
        0.99916586155587361,
        0,
        8202.6611328125,
        -1890.1678466796875,
        -5752.28564453125,
        1
      ],
      "name": "DSC_0588_JPG"
    },
    {
      "name": ""
    },
    {
      "children": [
        17
      ],
      "matrix": [
        -0.3547431652036297,
        0.93491929484282588,
        0.0091213415627278641,
        0,
        -0.93486117398274626,
        -0.35454281533705534,
        -0.01827505054647862,
        0,
        -0.013851791252830354,
        -0.015010137356743537,
        0.99979139006875817,
        0,
        8204.6982421875,
        -1888.5931396484375,
        -5752.390625,
        1
      ],
      "name": "DSC_0589_JPG"
    },
    {
      "name": ""
    },
    {
      "children": [
        19
      ],
      "matrix": [
        -0.44538595833497818,
        0.89477872733515851,
        -0.031660341541226975,
        0,
        -0.89533618158185335,
        -0.44518967230565054,
        0.013389459392138077,
        0,
        -0.0021142536412207258,
        0.034310126506054181,
        0.99940899793361837,
        0,
        8206.4462890625,
        -1886.0306396484375,
        -5752.70166015625,
        1
      ],
      "name": "DSC_0590_JPG"
    },
    {
      "name": ""
    },
    {
      "children": [
        21
      ],
      "matrix": [
        -0.42583975548326625,
        0.90470160473901573,
        -0.013247982208709248,
        0,
        -0.90474665281157951,
        -0.42592655363867116,
        -0.0044794119846103438,
        0,
        -0.0096951986155861137,
        0.010078555855601768,
        0.99990220813621067,
        0,
        8208.064453125,
        -1884.9326171875,
        -5752.72509765625,
        1
      ],
      "name": "DSC_0591_JPG"
    },
    {
      "name": ""
    },
    {
      "children": [
        23
      ],
      "matrix": [
        -0.4402282685717438,
        0.89784534693715234,
        -0.0085325572737074504,
        0,
        -0.8978601081533879,
        -0.4402677643514088,
        -0.0033943865128990757,
        0,
        -0.0068042440514081929,
        0.0061667378991591077,
        0.99995783591438092,
        0,
        8209.8828125,
        -1883.2794189453125,
        -5752.8173828125,
        1
      ],
      "name": "DSC_0592_JPG"
    },
    {
      "name": ""
    },
    {
      "children": [
        25
      ],
      "matrix": [
        -0.44502145394231141,
        0.89550012940960944,
        0.0059517861557573642,
        0,
        -0.89551663007522042,
        -0.44499201398526456,
        -0.0056632806798523677,
        0,
        -0.0024229712734306508,
        -0.0078502048833634895,
        0.99996625117725713,
        0,
        8210.873046875,
        -1882.7796630859375,
        -5752.7861328125,
        1
      ],
      "name": "DSC_0593_JPG"
    },
    {
      "name": ""
    },
    {
      "children": [
        27
      ],
      "matrix": [
        -0.47093173587038173,
        0.8821686431529171,
        0.0013361092208980406,
        0,
        -0.88216963099943879,
        -0.47093153600875892,
        -0.00048014033870331506,
        0,
        0.00020565121655609494,
        -0.0014047883015415176,
        0.99999899213819454,
        0,
        8212.1416015625,
        -1882.1724853515625,
        -5752.7724609375,
        1
      ],
      "name": "DSC_0594_JPG"
    },
    {
      "name": ""
    },
    {
      "children": [
        29
      ],
      "matrix": [
        -0.53522249324957127,
        0.84467760899713673,
        0.0075245982346612561,
        0,
        -0.84431660970524469,
        -0.53522351499194665,
        0.025792471295073519,
        0,
        0.025813664899707572,
        0.0074515675227339821,
        0.99963899926218347,
        0,
        8213.546875,
        -1881.775146484375,
        -5752.74853515625,
        1
      ],
      "name": "DSC_0595_JPG"
    },
    {
      "name": ""
    },
    {
      "children": [
        31,
        32,
        33,
        34
      ],
      "name": "mainMeshNode"
    },
    {
      "mesh": 0,
      "name": "mainMeshNode_Material_1_0"
    },
    {
      "mesh": 1,
      "name": "mainMeshNode_Material_0_0"
    },
    {
      "mesh": 2,
      "name": "mainMeshNode_Material_0_0"
    },
    {
      "mesh": 3,
      "name": "mainMeshNode_Material_0_0"
    }
  ],
  "samplers": [
    {
      "magFilter": 9729,
      "minFilter": 9987,
      "wrapS": 10497,
      "wrapT": 10497
    }
  ],
  "scene": 0,
  "scenes": [
    {
      "name": "OSG_Scene",
      "nodes": [
        0
      ]
    }
  ],
  "textures": [
    {
      "sampler": 0,
      "source": 0
    }
  ]
}

